16395610
26173177
32290826
33929509
34249897
35721135
36230967
36266625
37025170
37137886
37181651
37328058
37591874
37894748
38045700
38067097
38914302
39317184
39806101
40001930
40210893
40444179
40595645
40604065
40867565
40937643
41026912
41097990
41146943
41162502
41326763
41409301
41418782
41440117
41516124
41533905
41596760
41657945
41670256
41787658
41853890
41953651
41987275
42021381
42059276
42095275
42100732
42152388
42173563
42191868
42346024
42363437
42365006
42406957
42444979
42508771
42511033
42563687
42569310
42589173
42630359
42653217
42653219
42777860
