39228105
40520596
39164496
41010507
39541108
39630030
42318797
40151640
42636350
35300368
40646788
41462664
31161422
37287642
30572641
28669898
31783119
41224955
32867129
40947010
41708780
41744810
42397694
40060903
38156998
39927770
42311785
42276015
39303842
41193841
42428548
36207342
30866042
42017663
37213234
40188093
42758005
42528538
39062975
42453126
38003067
42074142
37180776
34794440
40785550
41194198
34502527
39628560
35444239
39885670
41227304
38351681
41938695
42537647
35005108
40866756
38438733
41495483
40211281
41907140
40868918
38716077
39863103
42218382
42010735
40299722
40924455
42421968
42633379
41390476
39929889
42311937
40905150
41751104
37807874
41359379
35565057
40399499
42088622
39774261
39286668
38731826
36833422
32423062
40524449
36614039
38731230
42494142
39608565
42533102
36975205
42136961
38612470
41120831
36198871
42221844
24837086
39353729
40386178
42330349
42724236
41014753
34529728
