10516311
11328728
11879580
12890785
1471486
15914606
16395610
16822977
17399701
19727342
2029847
20445109
21228389
21642623
22407321
22586373
23406680
23588489
23785143
23813500
23978599
24449362
24745005
24837086
24972005
25131359
25446321
25486194
25564962
25678762
25811482
25823749
25885645
26173177
26298666
26347837
26500494
26957317
27099533
27116666
27238267
27436115
27499608
27565351
27578984
28199486
28228269
28250050
28454289
28658313
28696901
28735442
29246287
29384695
29450403
29468209
29561967
29628503
29883638
29961576
30187003
30410030
30428541
30619969
31161422
31191548
31269016
31331079
31387875
31391379
31436334
31571663
31633482
31728515
31740506
31755466
31769495
31796115
31831049
31900165
31910216
31918438
31929571
31932580
31936298
31936463
31936811
31964819
31964831
31969887
31973769
31978676
31979260
31988387
31992794
32001821
32003125
32014053
32022439
32023475
32031576
32038277
32044724
32049162
32052937
32069977
32073398
32074940
32075760
32076077
32081919
32082175
32104303
32106630
32111086
32116486
32127528
32128346
32143276
32150248
32150546
32155200
32160519
32163404
32176263
32182330
32182331
32183063
32188915
32191288
32192535
32194869
32196081
32197113
32198470
32211407
32218152
32218163
32231223
32232343
32235464
32243845
32245120
32254022
32256367
32272552
32277382
32298438
32312818
32313077
32315325
32317708
32318066
32319201
32319662
32323767
32334433
32344885
32347797
32349249
32351142
32355786
32366945
32368833
32373289
32374427
32375023
32378514
32386571
32394959
32396062
32410964
32420594
32421147
32421148
32422965
32423093
32426353
32426498
32437405
32437550
32450896
32452112
32460310
32471212
32483256
32492110
32493732
32500975
32502616
32509436
32509448
32522791
32523990
32526701
32528252
32539133
32539134
32545782
32547367
32555229
32557945
32567221
32568043
32578954
32579557
32582664
32582966
32587280
32587311
32602639
32620864
32626969
32629957
32629980
32635502
32638535
32647199
32647335
32649922
32655363
32664635
32670023
32671067
32674521
32678240
32678293
32686483
32690089
32692840
32699896
32704424
32707887
32714192
32714647
32719611
32721021
32724480
32726168
32735323
32737182
32744596
32748371
32749462
32751103
32751632
32761139
32767661
32792522
32815311
32818091
32818094
32820176
32822415
32826201
32832237
32833992
32840212
32845969
32855845
32859013
32859800
32863184
32866269
32870927
32879306
32879765
32879766
32882011
32883957
32896719
32899567
32901261
32901881
32910134
32911690
32915982
32915983
32916859
32917640
32922261
32932802
32934895
32934896
32937137
32944840
32946783
32951332
32960171
32963317
32967716
32967731
32967734
32973073
32973242
32973430
32985730
32986815
32987810
32991984
32993012
32995498
32999670
33019822
33022222
33023312
33027920
33036197
33037565
33043015
33046735
33047885
33051815
33053795
33064773
33066757
33067486
33072724
33077798
33082308
33085740
33096050
33096935
33096971
33101779
33104163
33114498
33117606
33119674
33137194
33137197
33138064
33141024
33141819
33142742
33151282
33156340
33168876
33170205
33173609
33175651
33176149
33176797
33187533
33188005
33193130
33194824
33196317
33201599
33206726
33214552
33216119
33219246
33234597
33239074
33242397
33246504
33247124
33255669
33266349
33272243
33273978
33276722
33277602
33281816
33284321
33288502
33291226
33293601
33293617
33297931
33298129
33303775
33303795
33305736
33307245
33313247
33315889
33318446
33318704
33324144
33328889
33334874
33355362
33356508
33361444
33362196
33370260
33372037
33377455
33393903
33396673
33400844
33420301
33436915
33451157
33472493
33476374
33477551
33485387
33498524
33499245
33499292
33500412
33500475
33502460
33503899
33507997
33508783
33513185
33513359
33516874
33529207
33536350
33536932
33563331
33572787
33572860
33572992
33575527
33585455
33587040
33591357
33598455
33599733
33602234
33602265
33605987
33616620
33625872
33627831
33632302
33637535
33640465
33644046
33646289
33649576
33650969
33652861
33653689
33654266
33657370
33662384
33664479
33665188
33665223
33665228
33667466
33668263
33670685
33672743
33673358
33674582
33681224
33687475
33707187
33707565
33712461
33714955
33716674
33720362
33729474
33730555
33738324
33739997
33741066
33747177
33749722
33759344
33760200
33783486
33784009
33784255
33790763
33791004
33792620
33795740
33798262
33799308
33799353
33799827
33800535
33803405
33804633
33805370
33809498
33816648
33817299
33821883
33828201
33836988
33844961
33846249
33850097
33856408
33876574
33883023
33886548
33897716
33915898
33916973
33917258
33918210
33918484
33922434
33922669
33922686
33922788
33925448
33927279
33934486
33936569
33946753
33952723
33963174
33966129
33967950
33972689
33981197
33981252
33994920
34001227
34006945
34015102
34024230
34025363
34025440
34039431
34040021
34040115
34055784
34057287
34061953
34066037
34070383
34071184
34071220
34071371
34072522
34072647
34083607
34086045
34087906
34088267
34093141
34100385
34111255
34117330
34140021
34144598
34156426
34161574
34162535
34169630
34172618
34183443
34184090
34193509
34199494
34200353
34200991
34202702
34204906
34204966
34205384
34206213
34207050
34207717
34209272
34214489
34215815
34232261
34233716
34239027
34239032
34249897
34259817
34262099
34273276
34279462
34281287
34283208
34294770
34296521
34299278
34301870
34304733
34311469
34313720
34315534
34315877
34319386
34321516
34341398
34346313
34348137
34356319
34356611
34360899
34360929
34360950
34369985
34373754
34376700
34381080
34383873
34383984
34385262
34385434
34390651
34393723
34395527
34405951
34406331
34413361
34420069
34427623
34427624
34430272
34433830
34434927
34439816
34440593
34440682
34440692
34440741
34445064
34445595
34446062
34446787
34448806
34451415
34452268
34454461
34462398
34465369
34469037
34475267
34485594
34491262
34504578
34508129
34518365
34525384
34533135
34544421
34546342
34552960
34558505
34562309
34571952
34572088
34572573
34572584
34575369
34576177
34576227
34578864
34583089
34585146
34586848
34588570
34599192
34608867
34613793
34624068
34628463
34638582
34638840
34638869
34638907
34643664
34644112
34649511
34650623
34650985
34653402
34658907
34659513
34668483
34672258
34674604
34677125
34680161
34681723
34683941
34684011
34684987
34685484
34688035
34691611
34698138
34705483
34717927
34734804
34735454
34741068
34750957
34754027
34764853
34768747
34769482
34779136
34779821
34782554
34782571
34783308
34783461
34786561
34788628
34790663
34805414
34809716
34818063
34819035
34819832
34819834
34819935
34826419
34827622
34830437
34830490
34831087
34831174
34831487
34846518
34847148
34854775
34863182
34867193
34872632
34873237
34882206
34884197
34884622
34893605
34908112
34911931
34912217
34919533
34922346
34930292
34930437
34930951
34934336
34943037
34943121
34943851
34943956
34946371
34946854
34946963
34948115
34953858
34955757
34967856
34971428
34972817
34974542
34976970
34977041
34979259
34983929
34988370
34997029
35008811
35008877
35013122
35015027
35017532
35021041
35021080
35021166
35023829
35027063
35027445
35027657
35030321
35038201
35039609
35045975
35053425
35054919
35055036
35056119
35056410
35056906
35058548
35060997
35061025
35073969
35095414
35103752
35120620
35120923
35140707
35148987
35164755
35165951
35167498
35167652
35170203
35176707
35181781
35190581
35191836
35197297
35200544
35205050
35205388
35207274
35209218
35212809
35216043
35216328
35216333
35223834
35223853
35235351
35235463
35239671
35241647
35245286
35248156
35250585
35251611
35253837
35254423
35264685
35265621
35269428
35269714
35269767
35269891
35271205
35271573
35278743
35280984
35283756
35284183
35293951
35297555
35298655
35309305
35310341
35311929
35314028
35314673
35315776
35325233
35326420
35327471
35327647
35328615
35329980
35330501
35330834
35337126
35338201
35338357
35356684
35358193
35359596
35359806
35361907
35362222
35363247
35363260
35365237
35371110
35371675
35372100
35372369
35379313
35383196
35383288
35386199
35387355
35394492
35394873
35396348
35401124
35401507
35406581
35406683
35406761
35408803
35409392
35413909
35414674
35417030
35431772
35432302
35433274
35433694
35433704
35435923
35440610
35450284
35452679
35453289
35453399
35453537
35474440
35474956
35475783
35480428
35481838
35493079
35493094
35517867
35523177
35531093
35557957
35561216
35565295
35567755
35571395
35573666
35573687
35575776
35584663
35586662
35590283
35594036
35594404
35610341
35614998
35615698
35615708
35619143
35619185
35626688
35627267
35628282
35628669
35628981
35633292
35637215
35639473
35645574
35653189
35656546
35659263
35659288
35663427
35671048
35675330
35681472
35682601
35683014
35683016
35685368
35688936
35690049
35696413
35704471
35705015
35705048
35705053
35715869
35721135
35722432
35732689
35740104
35740479
35740973
35741104
35741122
35742861
35743157
35748245
35750043
35752290
35758908
35784301
35784369
35784747
35789843
35793629
35794391
35805085
35805159
35806143
35806252
35806438
35810181
35813584
35817658
35830274
35830791
35831910
35837031
35844208
35858321
35858578
35859009
35859902
35861670
35868562
35870562
35881407
35882847
35882984
35883037
35884862
35884958
35886921
35895055
35897758
35897793
35899124
35915300
35920172
35922863
35939707
35943778
35948585
35955469
35965828
35966201
35970387
35974011
35974097
35980290
35985423
35986368
35995845
35997788
36006018
36010635
36010651
36012314
36012576
36013279
36033821
36035999
36039295
36041146
36048019
36059936
36059984
36063381
36064625
36070380
36070393
36073832
36074075
36074756
36076283
36077073
36077335
36077382
36078045
36078126
36079165
36084639
36088481
36091370
36092714
36096985
36098977
36104669
36106183
36110094
36114230
36114457
36115971
36119027
36119084
36123992
36127426
36127701
36127870
36129685
36130212
36135979
36139360
36139394
36142120
36142331
36148008
36155669
36163231
36163311
36167259
36171205
36171977
36172053
36175572
36180221
36180752
36185374
36190459
36194668
36198265
36199690
36200040
36200117
36203577
36204234
36204863
36209216
36212698
36213538
36216837
36220082
36223749
36231108
36232528
36233171
36233334
36239974
36240775
36243009
36249298
36253148
36261438
36261683
36262888
36267329
36267780
36277849
36289494
36289864
36291115
36292771
36293024
36293057
36293245
36302632
36306327
36320068
36322391
36324894
36326725
36331259
36332025
36349481
36350619
36351424
36357388
36359139
36359825
36359852
36359858
36360318
36363779
36368332
36385152
36386870
36388952
36396940
36408112
36408381
36413373
36413918
36417510
36421348
36424523
36430917
36454214
36454558
36454994
36459087
36459481
36466614
36469025
36494376
36494806
36497012
36497013
36497399
36498926
36498991
36499014
36512347
36524119
36531586
36533134
36538003
36539414
36544284
36547097
36552081
36552561
36552630
36552864
36555236
36557426
36561368
36572749
36575190
36577775
36582303
36594014
36594396
36598133
36598818
36611829
36611897
36613856
36614165
36614953
36618342
36618828
36626253
36630901
36638800
36643635
36644817
36645044
36645183
36645345
36649236
36653340
36653745
36656098
36661711
36661824
36662053
36662852
36669111
36670906
36671472
36671500
36671634
36672142
36672144
36674579
36674619
36674659
36675091
36675184
36675807
36675972
36680182
36680758
36681854
36683725
36699005
36710928
36712326
36714840
36715342
36717618
36719700
36734965
36738354
36744302
36747371
36750914
36756614
36765170
36766830
36766843
36766846
36768672
36769067
36769311
36769461
36775821
36778138
36779012
36782199
36792067
36792584
36797232
36802443
36809816
36816119
36820148
36821388
36821399
36821627
36823538
36829938
36830824
36830838
36830851
36836210
36844364
36846595
36849261
36852280
36856978
36862119
36877515
36878916
36878935
36880430
36881408
36891459
36899356
36899873
36899910
36901754
36901786
36902566
36903482
36912000
36912597
36913111
36914265
36914721
36922551
36924502
36926611
36929360
36930145
36930538
36932081
36935417
36936905
36944985
36950280
36964267
36969592
36975524
36977817
36980168
36982157
36982411
36982507
36982917
36982987
36999649
37007713
37015875
37017569
37022761
37025993
37029422
37034981
37039265
37043336
37043340
37047561
37048143
37048820
37057896
37058418
37061739
37063422
37070131
37071472
37072549
37072692
37081200
37084144
37084724
37084726
37094835
37095157
37097227
37099020
37100934
37103007
37103235
37104301
37107227
37107259
37108619
37110558
37111243
37111313
37111351
37120931
37126359
37126699
37129905
37133442
37137441
37138703
37139437
37139464
37143930
37144094
37145604
37156914
37159192
37160307
37163276
37163980
37175646
37180103
37185343
37185874
37189329
37190767
37196116
37198396
37202450
37213216
37214313
37217935
37219510
37226256
37227126
37232340
37238641
37238733
37239344
37240074
37240280
37252160
37253747
37265069
37272764
37282486
37282676
37289173
37289546
37291161
37296653
37298577
37310354
37316554
37317137
37319416
37324433
37326907
37328058
37330004
37331601
37339216
37355654
37356717
37359418
37369771
37371094
37371114
37371541
37371562
37371607
37371916
37371942
37371958
37372033
37374046
37376106
37376309
37381815
37388765
37388908
37389178
37408192
37414399
37414529
37418274
37433773
37441592
37443319
37443724
37443739
37443842
37445726
37445820
37446374
37449644
37449943
37459063
37466802
37476050
37479688
37485345
37490178
37491367
37496518
37504962
37507439
37507467
37507949
37508566
37509549
37511956
37513520
37514920
37519299
37519633
37522516
37526616
37527925
37528478
37529008
37539164
37539744
37540379
37541258
37545752
37548963
37550343
37559903
37566012
37566944
37569323
37569444
37569464
37570277
37575968
37578424
37582959
37591874
37605279
37621717
37624696
37626899
37628793
37628816
37629169
37637086
37640747
37640753
37642150
37643867
37656476
37660150
37664639
37665325
37669061
37670124
37671011
37677999
37680309
37681863
37682267
37682293
37683133
37686284
37686457
37691820
37714879
37723490
37726137
37728563
37731202
37735444
37735479
37740641
37741839
37742923
37746666
37749651
37751356
37751417
37752598
37756660
37758715
37759270
37759301
37759728
37760886
37762541
37768732
37770232
37773257
37779186
37788001
37799826
37802075
37809982
37810031
37814449
37816735
37819813
37819938
37830570
37838654
37844228
37846362
37852780
37856539
37864169
37865680
37867950
37867960
37868194
37870847
37880369
37886604
37887302
37889503
37894795
37894958
37895363
37895917
37903056
37910617
37914688
37914992
37917183
37923392
37923999
37928068
37930995
37934159
37935630
37937828
37947618
37947653
37964186
37975842
37975905
37979052
37988404
37998352
37998361
38002955
38007487
38008788
38012225
38012720
38012786
38042898
38044501
38048222
38048369
38069177
38069354
38081924
38082266
38087179
38089586
38092908
38093301
38095299
38095908
38096226
38098048
38099736
38101398
38102109
38109525
38115754
38123561
38133508
38136638
38151470
38153753
38165050
38173510
38174987
38177186
38177908
38183022
38187905
38188215
38190125
38190128
38190398
38202631
38212635
38214685
38223458
38226015
38229139
38232696
38247823
38247931
38248991
38252153
38253888
38256177
38259505
38272025
38278154
38279294
38288111
38289348
38289613
38289952
38293586
38294803
38297331
38303059
38311721
38315495
38318351
38321224
38324299
38334649
38334651
38334673
38339047
38339191
38345554
38348116
38356373
38356495
38359019
38363811
38370256
38378796
38379013
38383070
38383453
38388518
38393691
38394161
38394392
38397799
38409074
38414051
38414848
38421865
38434257
38434304
38434572
38438866
38439910
38461179
38466299
38467611
38474133
38476273
38483712
38486306
38489304
38498232
38502591
38504518
38510120
38513000
38513048
38514178
38514646
38514716
38524531
38526288
38528295
38528525
38536853
38540760
38542059
38542166
38546584
38548269
38548335
38549081
38551961
38552022
38553490
38558092
38560893
38564108
38571282
38573618
38585235
38586992
38587075
38587436
38587440
38596358
38597722
38598298
38612560
38612568
38621251
38623325
38627341
38630320
38635628
38638966
38639863
38643244
38646933
38650003
38652563
38657052
38659223
38664376
38669339
38670096
38670973
38672688
38673439
38682030
38698014
38698112
38698981
38704467
38704483
38705389
38722314
38729157
38729560
38732096
38739438
38741132
38742929
38744193
38745648
38749583
38750454
38755602
38760655
38771421
38773095
38773545
38774075
38774716
38776115
38786093
38789412
38799448
38804475
38812536
38816767
38819069
38823017
38828288
38842752
38844990
38857169
38858683
38862465
38862482
38871723
38891043
38892829
38903914
38927058
38931465
38934409
38935030
38938553
38947520
38958971
38961590
38961930
38964324
38967942
38978074
38989623
38994020
38994775
38994994
38995681
38996013
38997397
39000471
39007397
39008680
39012348
39012703
39018199
39021340
39045516
39048552
39055937
39056772
39056803
39062961
39075142
39077915
39080269
39080379
39080755
39093964
39099424
39101028
39102262
39106056
39115865
39116180
39117618
39117640
39121095
39122680
39125582
39125641
39133836
39137039
39140963
39143195
39151779
39152126
39160068
39167399
39169055
39169121
39170385
39185308
39191397
39196935
39198470
39198892
39198924
39201288
39201366
39201542
39201727
39206706
39207852
39214298
39215063
39220810
39225143
39226050
39227639
39228100
39233867
39260891
39264859
39270640
39271703
39273005
39273216
39273233
39273264
39273330
39273559
39273646
39281021
39283617
39284847
39286982
39287589
39293864
39297417
39297806
39298490
39313534
39316084
39316206
39317184
39318470
39324238
39325470
39328788
39332053
39333897
39335093
39338181
39340587
39348530
39354493
39356769
39369033
39374003
39374262
39379436
39384883
39385205
39386038
39389360
39394614
39402168
39416828
39420512
39422453
39422807
39432401
39443505
39443516
39443626
39446354
39446806
39448868
39448874
39451224
39451253
39461953
39466179
39466230
39474128
39475642
39479233
39482729
39482793
39495936
39499510
39503290
39504054
39506758
39506841
39514271
39514305
39514390
39518125
39518910
39521855
39521904
39524785
39533430
39534499
39538248
39539829
39540305
39540862
39550471
39560644
39565302
39565681
39565860
39568070
39569076
39569377
39570639
39572588
39572643
39574940
39575470
39576623
39576825
39578308
39585677
39587330
39591283
39592612
39592934
39594569
39595954
39596110
39596239
39598180
39601637
39606241
39616175
39616406
39620831
39633708
39639354
39641270
39641748
39641991
39652067
39652089
39659219
39659974
39662835
39663766
39665817
39667912
39671282
39671305
39682760
39682768
39684784
39685661
39688282
39693351
39695101
39696441
39703720
39716241
39728110
39728690
39732756
39734233
39734536
39737973
39739933
39745681
39747370
39753135
39758132
39759766
39765914
39768188
39768751
39769388
39774627
39779923
39786739
39786774
39790557
39794828
39796188
39804629
39804630
39813057
39816683
39819490
39820277
39823300
39824631
39833899
39834393
39835893
39836404
39836405
39838783
39841110
39853921
39859210
39859409
39861733
39863929
39869549
39873651
39875362
39888634
39894222
39900894
39902753
39903280
39905045
39908128
39908131
39915276
39916387
39918477
39920165
39930455
39930756
39934637
39935895
39936988
39939990
39940664
39940950
39946136
39952952
39953740
39954235
39966959
39967853
39971915
39985055
39985671
39994275
39995070
39996731
40001147
40001462
40002341
40002367
40006077
40009443
40016767
40019772
40025497
40036074
40036306
40043699
40045384
40047526
40048184
40050124
40050705
40054472
40055379
40055675
40055743
40067295
40082403
40083774
40116022
40126102
40126507
40126508
40129245
40131364
40133314
40137771
40140459
40140485
40141227
40149974
40151609
40151640
40153135
40155048
40160813
40170065
40171795
40171949
40173140
40178080
40183102
40188187
40188342
40192637
40206798
40210649
40216630
40216914
40217267
40221533
40226626
40227169
40227177
40228796
40229517
40230358
40231248
40233131
40234585
40234708
40238113
40238114
40239758
40244605
40245175
40247316
40251274
40253438
40264285
40266593
40266594
40274784
40274966
40278947
40284004
40284227
40287463
40287480
40292331
40296037
40301324
40303324
40303351
40308558
40315239
40317724
40319064
40321008
40327012
40331961
40332496
40332908
40336002
40338179
40343286
40355064
40358170
40365019
40369074
40373038
40374315
40375931
40385550
40389989
40390022
40395179
40396905
40396915
40402520
40406567
40408092
40408096
40416648
40419664
40422222
40423624
40423739
40425564
40433505
40434345
40434346
40437144
40437791
40441296
40448612
40449651
40463588
40464692
40466971
40471791
40481094
40488712
40491523
40492995
40498044
40499265
40499779
40504625
40507153
40520556
40520565
40526494
40529102
40531615
40534703
40537004
40538981
40540259
40541565
40542390
40552535
40552921
40556337
40557874
40558514
40558721
40563706
40567162
40569566
40573271
40576432
40578350
40580389
40584188
40585754
40595094
40598551
40598599
40598610
40610740
40614201
40617876
40617919
40622215
40622998
40623838
40632733
40635755
40637512
40639784
40643341
40643481
40644543
40650128
40653679
40655949
40660345
40660409
40663603
40668916
40669155
40670757
40677403
40679332
40684170
40689077
40703032
40704014
40706588
40708039
40710374
40715177
40716081
40719539
40722628
40722990
40723297
40723812
40725185
40728360
40728983
40734361
40736175
40737317
40742403
40745490
40753109
40755901
40758602
40758714
40761516
40766181
40778698
40778701
40790141
40801600
40804358
40806387
40806627
40806748
40806783
40806966
40817252
40820958
40836034
40838019
40843317
40854928
40858363
40858722
40858941
40859055
40859875
40862715
40866626
40867565
40867611
40867796
40868180
40868995
40869148
40882639
40884260
40903948
40905097
40918114
40920489
40923695
40940733
40943481
40946306
40951441
40956303
40956390
40961941
40961946
40965404
40965436
40970665
40970667
40970669
40971959
40976555
40979555
40990867
40994539
40998808
40999359
40999978
41006301
41007615
41008864
41010033
41011242
41012634
41017154
41019299
41020554
41025873
41026912
41028711
41030574
41037735
41042023
41044127
41049616
41056017
41057298
41060151
41061181
41071877
41071880
41074164
41088409
41090416
41095642
41096710
41102017
41102382
41103068
41104017
41117141
41124206
41129126
41136496
41136552
41140281
41146204
41149584
41152974
41157773
41162371
41165761
41166340
41168502
41169617
41170746
41171041
41174671
41182027
41182029
41190718
41190783
41196411
41206314
41210974
41220285
41222199
41224754
41229523
41230902
41230906
41244583
41247127
41247129
41252217
41254090
41254671
41257731
41261164
41266494
41266745
41270749
41272236
41283752
41286165
41288322
41290721
41294008
41294843
41294883
41299222
41300537
41301117
41301488
41301509
41301852
41304743
41309590
41316318
41316357
41317324
41320777
41323208
41325489
41326717
41327293
41331083
41331389
41333718
41339603
41342897
41345151
41354925
41358657
41361249
41361454
41362835
41364556
41366246
41369340
41370039
41372633
41373488
41373691
41374987
41376775
41378939
41381741
41385589
41385645
41389328
41390488
41394857
41399432
41400315
41402314
41403938
41404501
41407712
41407891
41416829
41418782
41422093
41423516
41424614
41425305
41427444
41427445
41430718
41432545
41438708
41439999
41440637
41452983
41455767
41462634
41465361
41465596
41467179
41471055
41477839
41480395
41486622
41491635
41497904
41513693
41514281
41516321
41528844
41533899
41533902
41533907
41533917
41533919
41533928
41533933
41535549
41535560
41535675
41537835
41545794
41551761
41556506
41556586
41556589
41560519
41562588
41563015
41564179
41567865
41571675
41576160
41577330
41577708
41577749
41578023
41580559
41593663
41594671
41594869
41595581
41596176
41596224
41601638
41609173
41609175
41614402
41615370
41618348
41622742
41626869
41629264
41629618
41631752
41632798
41636427
41638552
41642709
41643211
41644615
41645183
41649260
41651377
41654583
41655020
41657893
41665199
41677389
41681896
41683728
41684508
41691075
41693810
41696446
41703084
41705242
41706861
41708739
41709213
41715185
41717290
41721205
41723479
41727267
41728092
41731009
41739556
41741437
41743907
41744494
41744788
41746124
41746734
41746809
41750392
41751271
41751906
41752009
41752162
41755996
41757826
41760600
41761675
41769942
41777802
41787550
41789631
41791386
41794792
41803887
41803895
41805095
41805112
41805150
41808823
41809158
41810892
41814306
41816091
41827828
41827851
41828599
41832165
41837548
41844666
41848364
41849358
41851144
41851243
41856199
41858616
41858782
41865000
41866494
41869290
41872221
41876404
41881262
41888247
41892278
41898506
41899448
41899543
41899822
41909700
41910727
41912634
41916968
41920145
41922167
41922335
41923125
41927968
41929428
41929533
41930340
41931904
41942595
41945556
41945932
41947146
41954328
41957343
41957682
41957701
41960189
41963383
41972159
41972697
41972705
41972858
41980459
41989229
41991541
41992218
41996242
42011761
42018650
42021335
42023031
42023163
42030193
42034848
42036045
42044330
42047666
42053222
42055007
42057097
42060289
42062849
42063159
42065486
42067699
42069589
42069863
42072227
42080790
42082754
42088349
42096223
42100001
42100661
42103957
42105234
42111215
42112684
42115358
42115719
42117501
42123067
42124641
42135831
42136644
42137367
42138518
42139353
42149027
42149032
42152120
42156503
42165645
42166552
42170303
42173885
42178579
42191868
42193986
42194274
42194275
42194302
42200769
42211199
42212336
42212882
42217275
42221844
42226771
42233724
42237060
42260115
42268917
42270720
42272073
42278250
42278384
42278399
42278597
42284459
42291280
42300676
42310124
42316211
42323614
42326015
42333946
42334455
42342706
42346022
42351915
42360388
42373614
42378569
42380034
42390160
42406579
42433372
42443308
42449920
42450352
42462966
42466938
42478262
42478926
42482451
42487268
42493528
42495118
42505373
42509588
42510807
42539570
42539746
42542603
42545070
42555200
42555638
42564195
42565253
42579492
42579800
42584788
42587300
42589107
42592906
42600003
42601941
42612637
42614741
42619284
42620929
42629955
42652101
42653280
42662088
42678737
42695327
42704527
42717497
42720426
42729537
42752358
42760604
42764995
42777860
8604049